18 0.680622 0.174736 0.081568 0.092750
16 0.725289 0.296227 0.097964 0.119028
5 0.598591 0.203213 0.105422 0.083296
4 0.655542 0.394056 0.147146 0.132074
1 0.967703 0.753704 0.064594 0.316667
0 0.719536 0.535931 0.203010 0.168509
10 0.524089 0.482315 0.069010 0.115926
11 0.533164 0.463074 0.059870 0.077556
12 0.628648 0.247546 0.097286 0.094537
2 0.704242 0.243833 0.097786 0.079815
13 0.801727 0.360069 0.120745 0.165324
14 0.672250 0.675389 0.240500 0.283852
8 0.796266 0.488560 0.071281 0.137880
17 0.655378 0.319935 0.138411 0.093463
15 0.345953 0.262741 0.116635 0.112667
6 0.419458 0.316856 0.062563 0.111657
7 0.386424 0.458227 0.124203 0.234972
