16 0.711622 0.290935 0.119672 0.108315
6 0.417544 0.306889 0.067276 0.129185
18 0.682622 0.174194 0.076526 0.095315
15 0.344297 0.269444 0.128385 0.095926
13 0.804984 0.353787 0.113615 0.172019
2 0.706740 0.228611 0.101406 0.085444
12 0.632693 0.242963 0.077115 0.086481
17 0.654036 0.319681 0.134115 0.091194
8 0.800477 0.483190 0.083943 0.141583
14 0.668510 0.662255 0.245125 0.280306
11 0.530716 0.471292 0.064630 0.078269
7 0.383680 0.464588 0.130974 0.222306
10 0.520312 0.482130 0.068333 0.114815
0 0.703240 0.549000 0.215917 0.212000
1 0.972508 0.786435 0.054984 0.248426
4 0.653977 0.381597 0.142880 0.123472
5 0.596320 0.202199 0.099651 0.082417
