17 0.659526 0.318639 0.138448 0.090315
8 0.802529 0.488236 0.077651 0.133343
11 0.525630 0.393120 0.073219 0.103204
7 0.372654 0.472866 0.146557 0.196102
10 0.532693 0.487111 0.084760 0.107074
0 0.713971 0.553722 0.188203 0.211815
1 0.985208 0.758565 0.029583 0.335278
4 0.662745 0.387639 0.134302 0.135093
14 0.641807 0.641130 0.143677 0.356259
5 0.596245 0.204532 0.100323 0.077028
6 0.415339 0.309157 0.077969 0.119648
18 0.682404 0.172722 0.073193 0.094741
13 0.804307 0.356023 0.117990 0.147954
2 0.710846 0.245231 0.089505 0.076204
12 0.635875 0.244861 0.080542 0.091389
3 0.820625 0.952931 0.117604 0.093269
16 0.710279 0.288486 0.112651 0.120991
15 0.329365 0.278898 0.097937 0.154796
