2 0.591763 0.139907 0.080203 0.078704
12 0.624844 0.250227 0.107813 0.083620
13 0.790706 0.351630 0.125880 0.167111
15 0.326695 0.286569 0.095682 0.168898
17 0.655604 0.324880 0.144833 0.087648
8 0.805174 0.485829 0.092880 0.139083
0 0.713568 0.548917 0.189844 0.192167
1 0.962396 0.769537 0.075208 0.319444
4 0.646734 0.392435 0.149344 0.121611
7 0.387987 0.489398 0.115766 0.186944
14 0.644044 0.676343 0.140766 0.294352
5 0.592003 0.203046 0.095266 0.080722
16 0.721565 0.295481 0.085099 0.102000
6 0.415026 0.310028 0.078073 0.122722
18 0.685505 0.180949 0.078365 0.103657
