17 0.658234 0.321019 0.139469 0.086111
8 0.803047 0.482963 0.095052 0.144815
11 0.539336 0.459282 0.080651 0.073287
7 0.373385 0.453796 0.144792 0.233889
10 0.529036 0.482222 0.067865 0.106481
0 0.710625 0.554866 0.197396 0.221935
1 0.963594 0.756245 0.072812 0.327324
4 0.655026 0.392130 0.147448 0.110185
14 0.638513 0.652171 0.143349 0.345843
5 0.592896 0.197431 0.093583 0.082269
16 0.715458 0.292500 0.117896 0.125185
6 0.424896 0.310458 0.051979 0.121491
18 0.683565 0.173162 0.074328 0.098491
13 0.800034 0.356926 0.117672 0.153852
2 0.704297 0.221157 0.108281 0.102500
12 0.620060 0.242778 0.098380 0.082778
3 0.833523 0.947412 0.106422 0.105176
15 0.342760 0.274630 0.121979 0.105741
